0 0.5689655172413793
1 0.4852941176470588
2 0.559322033898305
3 0.4647887323943662
4 0.3793103448275862
5 0.38372093023255816
6 0.38372093023255816
7 0.44
8 0.515625
9 0.4342105263157895
10 0.3793103448275862
11 0.36666666666666664
12 0.3707865168539326
13 0.515625
14 0.3707865168539326
15 0.3707865168539326
16 0.28448275862068967
17 0.375
18 0.3707865168539326
19 0.5
20 0.3707865168539326
21 0.375
22 0.3707865168539326
23 0.39285714285714285
24 0.375
25 0.375
26 0.3626373626373626
27 0.4583333333333333
28 0.4520547945205479
29 0.38372093023255816
30 0.4583333333333333
31 0.5409836065573771
32 0.515625
33 0.55