338
9 0 12
0 1 6
1 0 6
0 2 11
2 0 11
0 3 20
3 0 20
0 4 26
4 0 26
99 101 4
101 99 4
100 95 26
95 100 26
10 11 9
11 10 9
12 37 6
37 12 6
14 15 11
15 14 11
16 17 4
17 16 4
16 22 6
22 16 6
17 22 7
22 17 7
17 34 5
34 17 5
18 36 5
36 18 5
18 37 5
37 18 5
18 92 18
92 18 18
19 25 10
25 19 10
19 26 3
26 19 3
19 96 9
96 19 9
20 19 6
19 20 6
20 96 4
96 20 4
21 23 3
23 21 3
21 42 4
42 21 4
21 44 3
44 21 3
22 21 8
21 22 8
22 23 9
23 22 9
23 30 4
30 23 4
23 84 6
84 23 6
24 30 4
30 24 4
24 63 8
63 24 8
25 19 10
19 25 10
25 26 11
26 25 11
27 0 9
0 27 9
27 9 10
9 27 10
27 56 4
56 27 4
28 29 3
29 28 3
28 32 6
32 28 6
28 63 6
63 28 6
2 10 12
10 2 12
2 8 9
8 2 9
29 33 10
33 29 10
29 7 8
7 29 8
30 62 18
62 30 18
31 32 5
32 31 5
31 33 4
33 31 4
31 39 9
39 31 9
31 68 14
68 31 14
34 17 5
17 34 5
34 18 7
18 34 7
34 22 12
22 34 12
35 36 2
36 35 2
36 38 8
38 36 8
37 38 7
38 37 7
38 13 4
13 38 4
3 4 6
4 3 6
3 8 6
8 3 6
39 65 16
65 39 16
39 66 12
66 39 12
39 67 4
67 39 4
39 68 6
68 39 6
39 69 5
69 39 5
39 70 9
70 39 9
40 41 5
41 40 5
40 70 5
70 40 5
40 81 7
81 40 7
40 82 4
82 40 4
41 86 5
86 41 5
41 87 7
87 41 7
42 43 3
43 42 3
42 44 2
44 42 2
43 45 4
45 43 4
44 23 4
23 44 4
45 46 3
46 45 3
45 87 14
87 45 14
45 88 11
88 45 11
45 89 6
89 45 6
46 87 11
87 46 11
46 88 8
88 46 8
46 89 3
89 46 3
47 48 4
48 47 4
47 49 7
49 47 7
47 50 11
50 47 11
48 49 4
49 48 4
48 50 7
50 48 7
4 38 4
38 4 4
4 5 12
5 4 12
49 50 3
50 49 3
51 53 6
53 51 6
51 54 8
54 51 8
51 75 4
75 51 4
52 9 5
9 52 5
52 74 6
74 52 6
53 54 4
54 53 4
53 55 4
55 53 4
54 55 3
55 54 3
56 9 9
9 56 9
56 76 4
76 56 4
57 59 7
59 57 7
57 76 8
76 57 8
57 77 13
77 57 13
58 57 11
57 58 11
58 71 6
71 58 6
5 14 3
14 5 3
5 6 10
6 5 10
59 77 6
77 59 6
60 23 45
23 60 45
60 24 37
24 60 37
60 30 41
30 60 41
60 61 7
61 60 7
60 62 23
62 60 23
60 78 5
78 60 5
60 79 14
79 60 14
61 62 17
62 61 17
61 63 24
63 61 24
62 24 14
24 62 14
62 63 7
63 62 7
63 15 7
15 63 7
63 29 9
29 63 9
64 7 2
7 64 2
65 66 4
66 65 4
65 67 12
67 65 12
66 67 8
67 66 8
6 7 8
7 6 8
69 70 4
70 69 4
71 72 8
72 71 8
71 73 12
73 71 12
72 73 5
73 72 5
74 73 7
73 74 7
75 52 4
52 75 4
75 53 6
53 75 6
75 54 5
54 75 5
75 55 8
55 75 8
76 9 10
9 76 10
77 56 22
56 77 22
77 79 5
79 77 5
78 61 6
61 78 6
80 23 7
23 80 7
80 81 6
81 80 6
80 82 9
82 80 9
80 83 5
83 80 5
80 84 4
84 80 4
81 23 13
23 81 13
81 82 4
82 81 4
81 83 5
83 81 5
83 84 3
84 83 3
85 86 6
86 85 6
86 87 4
87 86 4
86 88 7
88 86 7
87 88 3
88 87 3
87 89 8
89 87 8
88 89 5
89 88 5
88 90 5
90 88 5
91 22 7
22 91 7
91 92 6
92 91 6
93 18 11
18 93 11
93 27 52
27 93 52
94 102 10
102 94 10
95 18 9
18 95 9
96 12 12
12 96 12
96 25 19
25 96 19
96 26 8
26 96 8
96 37 18
37 96 18
97 99 12
99 97 12
97 101 12
101 97 12
97 98 5
98 97 5
98 100 16
100 98 16
98 101 8
101 98 8
98 95 11
95 98 11
