1 10
1 2
1 3
1 4
1 5
100 102
101 96
11 12
13 38
15 16
17 18
17 23
18 23
18 35
19 37
19 38
19 93
20 26
20 27
20 97
21 20
21 97
22 24
22 43
22 45
23 22
23 24
24 31
24 85
25 31
25 64
26 20
26 27
28 1
28 10
28 57
29 30
29 33
29 64
3 11
3 9
30 34
30 8
31 63
32 33
32 34
32 40
32 69
35 18
35 19
35 23
36 37
37 39
38 39
39 14
4 5
4 9
40 66
40 67
40 68
40 69
40 70
40 71
41 42
41 71
41 82
41 83
42 87
42 88
43 44
43 45
44 46
45 24
46 47
46 88
46 89
46 90
47 88
47 89
47 90
48 49
48 50
48 51
49 50
49 51
5 39
5 6
50 51
52 54
52 55
52 76
53 10
53 75
54 55
54 56
55 56
57 10
57 77
58 60
58 77
58 78
59 58
59 72
6 15
6 7
60 78
61 24
61 25
61 31
61 62
61 63
61 79
61 80
62 63
62 64
63 25
63 64
64 16
64 30
65 8
66 67
66 68
67 68
7 8
70 71
72 73
72 74
73 74
75 74
76 53
76 54
76 55
76 56
77 10
78 57
78 80
79 62
81 24
81 82
81 83
81 84
81 85
82 24
82 83
82 84
84 85
86 87
87 88
87 89
88 89
88 90
89 90
89 91
92 23
92 93
94 19
94 28
95 103
96 19
97 13
97 26
97 27
97 38
98 100
98 102
98 99
99 101
99 102
99 96
